3391
21150
11891
23305
32017
6901
29924
22960
27499
5077
17822
17495
22457
28043
26945
1509
19002
31951
19350
8160
22004
9401
16103
30572
29690
21333
12983
13852
9755
26742
18852
21435
24610
8001
11375
1776
14802
25077
25597
20897
17794
10095
15506
14436
867
9577
16482
1907
26495
26081
29245
12491
9781
10995
31979
21844
17625
20438
15784
206
32032
18
25807
31029
10837
31430
4328
9783
10602
5726
17265
2355
20546
21968
28560
5916
22922
15861
28367
30609
6340
15753
7927
4792
13168
11083
2629
23732
22359
12190
97
2365
24449
27120
16055
8827
26986
27570
4508
17045
